[[ -1.49934332e-03  -7.43482911e-01  -2.14613367e-03 ...,  -1.50760133e-03
   -1.36622152e-02  -2.13737709e-04]
 [ -8.71676205e-07  -2.03440071e-05   2.93819024e-03 ...,  -4.00870980e-03
    2.27304022e-03  -4.56385636e-03]
 [ -3.45488811e-07  -1.06297688e-10   1.37067984e-08 ...,  -5.63260700e-03
    3.48390195e-03  -3.78762628e-03]
 ..., 
 [ -4.90696174e-09  -7.52661371e-09   2.98324856e-08 ...,   2.20616653e-03
   -3.87495734e-03  -6.77419753e-04]
 [ -4.74150366e-09  -4.90237554e-08   2.39121025e-07 ...,  -4.82041843e-03
   -4.12297877e-03   2.40327000e-03]
 [ -6.15533353e-09  -1.78437322e-09   8.07736467e-09 ...,   1.63945407e-02
   -8.53469027e-03   1.95219974e-02]]
